21264.9146
21221.8705
21220.0122
21193.0346
21062.6822
20898.4340
20807.2078
20782.0887
20673.6337
20575.3592
20572.1853
20543.8825
20541.3834
20419.8728
20367.5923
20334.0318
20257.8089
20251.7704
20243.6377
20178.7288
20123.2674
20064.7876
20025.1805
20021.8609
19943.4336
19917.5296
19815.0360
19698.8905
19539.2584
19463.9515
19459.0907
19411.2991
19380.8634
19370.5311
19356.5814
19256.6168
19240.1469
19222.8378
19205.1544
19092.7409
19009.8977
18975.9648
18874.6283
18848.9476
18824.2959
18724.0501
18608.9493
18583.8338
18542.6761
18511.5876
